cam0:
  cam_overlaps: [1]
  camera_model: pinhole
  distortion_coeffs: [-0.2576832990785849, 0.057149112922831403, 0.00017395278994785935, 0.00016460196963005513]
  distortion_model: radtan
  intrinsics: [860.6905604890258, 862.3890503760467, 758.5699917707875, 564.9577052346839]
  resolution: [1600, 1200]
  rostopic: /camera_front_left/image_raw
cam1:
  T_cn_cnm1:
  - [0.9997094214427912, 0.024078901858257097, 0.0011310012490434115, -0.09033643611582864]
  - [-0.024073328216770405, 0.9996991134377483, -0.004707171162467336, -0.0014634007369534261]
  - [-0.0012440044584167505, 0.0046785763951806, 0.9999882816192532, -0.000742232639444014]
  - [0.0, 0.0, 0.0, 1.0]
  cam_overlaps: [0]
  camera_model: pinhole
  distortion_coeffs: [-0.2603933692376835, 0.05926457309428985, 0.00022566587507430615, 7.065221773204997e-05]
  distortion_model: radtan
  intrinsics: [865.008078393775, 867.0429750189643, 746.8554813973392, 559.5834058197967]
  resolution: [1600, 1200]
  rostopic: /camera_front_right/image_raw
