image_width: 1600
image_height: 1200
camera_name: camera_front_left
camera_matrix:
  rows: 3
  cols: 3
  data: [1156.136895785334, 0, 756.6042886245732, 0, 1161.316027850166, 565.538371864523, 0, 0, 1]
distortion_model: plumb_bob
distortion_coefficients:
  rows: 1
  cols: 5
  data: [-0.1714103914388205, 0.1098305925531226, -0.003617329758822906, -0.0008002664822856797, 0]
rectification_matrix:
  rows: 3
  cols: 3
  data: [0.9918039420686381, -0.07302057703083015, -0.1048472022859655, 0.07019330714059094, 0.9970697134042233, -0.03041194246815761, 0.1067606675221555, 0.02280311255299289, 0.9940232280626642]
projection_matrix:
  rows: 3
  cols: 4
  data: [1445.783185870891, 0, 923.994873046875, 0, 0, 1445.783185870891, 576.3841857910156, 0, 0, 0, 1, 0]