image_width: 1600
image_height: 1200
camera_name: camera_front_right
camera_matrix:
  rows: 3
  cols: 3
  data: [1168.332079960807, 0, 753.8744946868558, 0, 1173.462064063826, 576.4135376765125, 0, 0, 1]
distortion_model: plumb_bob
distortion_coefficients:
  rows: 1
  cols: 5
  data: [-0.1635386103981169, 0.1040590710998386, 0.002265064331245153, 0.003382585712866333, 0]
rectification_matrix:
  rows: 3
  cols: 3
  data: [0.9913552264319626, -0.08567852789301073, -0.09936802747422731, 0.08830305300348562, 0.9958436967540053, 0.02231372818648525, 0.0970432164362653, -0.03089533125576287, 0.9948005290762068]
projection_matrix:
  rows: 3
  cols: 4
  data: [1445.783185870891, 0, 923.994873046875, -132.0558137537233, 0, 1445.783185870891, 576.3841857910156, 0, 0, 0, 1, 0]