cam0:
  cam_overlaps: [1]
  camera_model: pinhole
  distortion_coeffs: [-0.27769345859980504, 0.13069366419208656, 0.009583172286653395, 0.0015880433077058243]
  distortion_model: radtan
  intrinsics: [497.1516274579356, 500.73052142022476, 320.18398427578126, 215.33331462774495]
  resolution: [640, 360]
  rostopic: /zedm/zed_node/left_raw/image_raw_color
cam1:
  T_cn_cnm1:
  - [0.9999996825883922, -0.0006677874783833572, -0.0004346067107328972, -0.06309602828988238]
  - [0.0006673550872225737, 0.999999283014122, -0.0009942878979351296, -0.00020163354550921343]
  - [0.00043527037213417355, 0.0009939975453372633, 0.9999994112541154, -0.0008877547459008054]
  - [0.0, 0.0, 0.0, 1.0]
  cam_overlaps: [0]
  camera_model: pinhole
  distortion_coeffs: [-0.273515934069487, 0.12059602193257066, 0.009444840673435624, -0.0004053964047990193]
  distortion_model: radtan
  intrinsics: [496.68251241242, 500.47388101027076, 322.0168153455145, 212.20189355801557]
  resolution: [640, 360]
  rostopic: /zedm/zed_node/right_raw/image_raw_color
