cam0:
  camera_model: pinhole
  distortion_coeffs: [1.818389051822951602e-02, -1.445940107627855138e-02, -3.952855470630491520e-04, -1.943097662521165594e-05, 5.055176384358054699e-03]
  distortion_model: radtan
  intrinsics: [1.032815861728502114e+03, 1.033852887510551909e+03, 9.684981097972511179e+02, 5.303797546077584002e+02]
  line_delay: 0.00011703860953918382
  resolution: [640, 480]
  rostopic: /loco_cams/left/image_raw
