cam0:
  cam_overlaps: [1]
  camera_model: pinhole
  distortion_coeffs: [-0.26948397664547374, 0.1991976949611067, 0.00743016158525233, 0.0021730621392094403]
  distortion_model: radtan
  intrinsics: [502.4090195535454, 503.41156249551364, 317.2084741764515, 190.3670597860876]
  resolution: [640, 360]
  rostopic: /zedm/zed_node/left_raw/image_raw_color
cam1:
  T_cn_cnm1:
  - [0.999998924068541, 0.00016226168157192522, -0.0014579207482479381, -0.06302287145999406]
  - [-0.0001605239390028029, 0.9999992767194273, 0.0011919700870192294, 1.7098148050552105e-05]
  - [0.0014581131048328868, -0.001191734773359851, 0.9999982268356302, 0.0011606541698089775]
  - [0.0, 0.0, 0.0, 1.0]
  cam_overlaps: [0]
  camera_model: pinhole
  distortion_coeffs: [-0.2680548310666053, 0.19400962196185742, 0.006959360454476345, 0.002850749212514317]
  distortion_model: radtan
  intrinsics: [502.96918859451256, 504.37731251460065, 318.9282086552125, 187.06986288777722]
  resolution: [640, 360]
  rostopic: /zedm/zed_node/right_raw/image_raw_color
